/** 
 * Test Longley dataset against R.
 */
@Override @Test public void testLongly(){
  RealMatrix matrix=createRealMatrix(longleyData,16,7);
  KendallsCorrelation corrInstance=new KendallsCorrelation(matrix);
  RealMatrix correlationMatrix=corrInstance.getCorrelationMatrix();
  double[] rData=new double[]{1,0.9166666666666666,0.9333333333333332,0.3666666666666666,0.05,0.8999999999999999,0.8999999999999999,0.9166666666666666,1,0.9833333333333333,0.45,0.03333333333333333,0.9833333333333333,0.9833333333333333,0.9333333333333332,0.9833333333333333,1,0.4333333333333333,0.05,0.9666666666666666,0.9666666666666666,0.3666666666666666,0.45,0.4333333333333333,1,-0.2166666666666666,0.4666666666666666,0.4666666666666666,0.05,0.03333333333333333,0.05,-0.2166666666666666,1,0.05,0.05,0.8999999999999999,0.9833333333333333,0.9666666666666666,0.4666666666666666,0.05,1,0.9999999999999999,0.8999999999999999,0.9833333333333333,0.9666666666666666,0.4666666666666666,0.05,0.9999999999999999,1};
  TestUtils.assertEquals("Kendall's correlation matrix",createRealMatrix(rData,7,7),correlationMatrix,10E-15);
}
