/** 
 * Test Longley dataset against R.
 */
@Override @Test public void testLongly(){
  RealMatrix matrix=createRealMatrix(longleyData,16,7);
  SpearmansCorrelation corrInstance=new SpearmansCorrelation(matrix);
  RealMatrix correlationMatrix=corrInstance.getCorrelationMatrix();
  double[] rData=new double[]{1,0.982352941176471,0.985294117647059,0.564705882352941,0.2264705882352941,0.976470588235294,0.976470588235294,0.982352941176471,1,0.997058823529412,0.664705882352941,0.2205882352941176,0.997058823529412,0.997058823529412,0.985294117647059,0.997058823529412,1,0.638235294117647,0.2235294117647059,0.9941176470588236,0.9941176470588236,0.564705882352941,0.664705882352941,0.638235294117647,1,-0.3411764705882353,0.685294117647059,0.685294117647059,0.2264705882352941,0.2205882352941176,0.2235294117647059,-0.3411764705882353,1,0.2264705882352941,0.2264705882352941,0.976470588235294,0.997058823529412,0.9941176470588236,0.685294117647059,0.2264705882352941,1,1,0.976470588235294,0.997058823529412,0.9941176470588236,0.685294117647059,0.2264705882352941,1,1};
  TestUtils.assertEquals("Spearman's correlation matrix",createRealMatrix(rData,7,7),correlationMatrix,10E-15);
}
